-11.9917644789
-12.0028076273
-11.9950029406
-11.9953460565
-11.9906318653
-11.9976962527
-11.9995720955
-11.9933351247
-2.98284375514
-12.2301974695
-8.94516327571
-11.9935523588
-11.9966271826
-11.9919802803
-5.69433283274
-11.9978691033
-12.1619892194
-11.9925222116
-11.992007183
-11.9911209191
-6.72842268982
-12.0039899976
-12.0019326538
-12.0878359974
-11.998732023
-12.1966747774
-11.9900281875
-15.5414030579
-10.7924849749
-13.9584951358
-14.843272738
-15.443173975
-14.6440437874
-14.9941562037
-14.2149435885
-19.4170721324
-15.6653244776
-14.7174557104
-14.7250864308
-9.21675158922
-4.71431209152
-14.7977998717
-16.2935260538
-13.9171481643
-15.339805395
-14.1315783824
-14.5685657576
-16.5396117656
-13.5923289002
-16.6031376448
-16.7762068588
-19.3465972016
-12.4846698655
-18.0295335943
-17.2781489759
-21.3473035243
-16.2932984279
-15.165805642
-16.853179887
-13.1044553263
-10.2097411301
-20.1014900354
-17.2281522612
-17.9823382281
-16.6571752297
-17.6696826733
-17.7568444994
-18.8698592642
-16.5990531981
-19.7635448244
-17.5887075776
-15.6519368394
-16.8238968085
-7.08764729533
-18.3048442764
-17.041180587
-19.5463137664
-17.7069262482
-11.6925576778
-18.8090168012
-16.307707378
-19.6335837313
-23.4519403047
-21.5117760278
-24.2286311884
-12.0991051341
-18.149608331
-22.5504314746
-17.0995182837
-18.4095076534
-21.3935521722
-22.9305900548
-20.7226843942
-22.435006047
-23.499855088
-18.8079835275
-23.8935559253
-21.6930687023
-10.585116936
-19.722547509
-14.4768935899
-19.3859484541
-23.3701652632
-20.5467290329
-22.216752481
-18.4875772609
-21.5270835648
-18.8110826948
-22.3306464657
-24.564335739
-23.6050007151
-23.1610438518
-21.7045427939
-24.1743920183
-22.3848256696
-24.4887645784
-15.9508612219
-24.3777497834
-21.4261512963
-17.8936827368
-22.7381821295
-23.6491883644
-13.036831635
-18.30181985
-22.7818550093
-23.312762617
-23.0626762932
-23.1588883666
-22.7915750244
-22.8134035504
-24.421899568
-22.0145546067
-22.2102698726
-24.511281176
-22.3589294181
-27.0757142485
-24.9142183788
-19.3696508703
-17.1602666616
-20.9986635428
-18.89946602
-24.285101661
-28.712651672
-27.0419700462
-27.1996356682
-25.6011793349
-24.5290330911
-24.1269423535
-23.9911468628
-26.7698949617
-24.4526153491
-26.8851656311
-18.0171937957
-19.7565572938
-25.6930921789
-23.8821105678
-24.6276489247
-23.945636447
-23.5230263067
-26.6890960038
-25.4526873323
-25.3720323965
-29.7627233254
-31.9964125987
-31.0370775748
-30.5931207116
-28.6359885775
-29.7246819041
-29.8169025293
-29.9317877982
-22.5460833845
-25.8837198578
-28.858228156
-31.2270561138
-30.1702589892
-31.0812652242
-29.0736445683
-31.4476295153
-30.4407843229
-30.050308907
-29.65708794
-30.5909652263
-20.2504159226
-28.9364723816
-31.3860357099
-30.9141130155
-24.8716621079
-30.4945880649
-28.1198310355
-32.6478157486
-32.0397223422
-23.4152267899
-27.645929231
-33.1576171879
-28.208842538
-31.2498455352
-37.2244499965
-32.9390653651
-33.3135387199
-34.2806953398
-31.0862255596
-31.3394576939
-31.9497679575
-34.3610395011
-31.5867087277
-33.4803877937
-31.2787496594
-31.1364069538
-31.6047583642
-35.2091730369
-28.7367279218
-36.1302772268
-30.3525493948
-35.3153046795
-32.0479094949
-35.051010485
-34.4489152974
-39.4232856753
-36.0072148786
-40.199976559
-35.1043759094
-34.4090856088
-35.0260224484
-33.9773637179
-34.63663055
-36.6717503622
-34.2575445263
-35.9901872951
-40.0157893301
-40.9604687801
-34.6667250256
-39.8649012959
-34.4863602425
-29.7033889648
-38.3864388942
-25.9913471784
-35.2024969413
-39.3415106338
-39.4884888691
-37.494950671
-31.7462852664
-36.8052817549
-37.0033831701
-38.5372836143
-42.3556401877
-40.4154759108
-42.2793158807
-38.0031394774
-41.5641677205
-41.5030976984
-36.0032181668
-28.3043715407
-40.2972520552
-37.4533808718
-39.6263842772
-41.33870593
-42.5065289314
-31.4145740906
-42.7972558083
-40.5967685853
-38.210745162
-38.626247392
-39.8743473128
-33.0217901781
-41.9316755792
-39.4504289159
-41.120452364
-37.3912771439
-40.4307834478
-37.7147825778
-40.8629308434
-40.7679731106
-39.2800229214
-40.1648005236
-40.7647017606
-39.9655715729
-40.3156839893
-45.1854456122
-45.4197125019
-42.3731466243
-40.038983496
-34.1143690289
-39.9364420763
-38.9303730129
-33.7511404709
-33.8177625658
-39.2386759499
-40.6613331805
-39.453106168
-39.8900935431
-42.2598530234
-38.9138566858
-42.3233789027
-42.0977346444
-45.0668384595
-37.8061976511
-43.7497748521
-45.6188466344
-40.9745668646
-45.4020797001
-45.3538448592
-45.292232447
-44.1884858345
-44.999410497
-40.2632831246
-45.7607416665
-45.2971829522
-46.3154881708
-44.5462724665
-39.4430884879
-35.810922563
-44.9218136494
-44.8659929528
-46.9829938434
-44.4631870431
-46.3734994632
-46.4074010149
-44.5964194037
-45.3419577606
-44.659945283
-47.1277069005
-44.3723158583
-46.8170087059
-45.8482327691
-48.3747594473
-51.573640423
-47.3899088993
-46.2624161134
-47.9497903585
-48.8260386111
-45.9697906957
-51.1981005069
-48.3247627327
-49.0789486995
-47.7537857012
-48.7662931448
-48.8534549709
-49.9664697357
-47.6956636696
-49.9898817231
-48.6853180491
-52.793552625
-47.92050728
-47.4318939235
-49.4014547478
-48.1377910584
-50.6429242379
-48.8035367197
-47.6795172775
-49.9056272727
-37.1939340056
-48.6469947342
-47.7874558809
-48.795542591
-49.0990156202
-50.4084781257
-43.9438990754
-44.4667776204
-49.2803389195
-48.9442853731
-48.2342225591
-49.4478602866
-49.6980590014
-48.58434909
-49.9538045931
-49.0683882987
-48.1485149632
-49.0445647129
-43.7471380434
-48.8960864855
-39.1600983927
-50.0044936141
-50.0361186927
-47.7693665566
-51.678461692
-46.1340967508
-52.3750871369
-57.2219804874
-51.7060348287
-51.0700441058
-53.5842271252
-56.3010822858
-51.1718906918
-54.7329189349
-51.1773989245
-40.6591858982
-50.4819587508
-52.3673909809
-54.5881724037
-52.7951354916
-54.5074571444
-49.4973360317
-50.8804346249
-55.9660070226
-53.7655197997
-51.3794963764
-51.7949986064
-53.0430985272
-46.2166525365
-55.4426163606
-52.6191801303
-54.2892035784
-45.6042013006
-53.5995346622
-50.8835337922
-51.4732822175
-54.7969717244
-57.5704302675
-52.6118318863
-41.7448726302
-57.4554868031
-57.2160821491
-57.4604250847
-52.2604460747
-54.2426609887
-55.7796988713
-55.2711793598
-56.2004055954
-53.0059264674
-52.6104083985
-57.4358119223
-54.5421775188
-47.7939804926
-55.5265666045
-54.5321966298
-52.2766336975
-56.9124212603
-51.4389986298
-55.0658612975
-53.3727473234
-54.3761923813
-53.2529681567
-54.2822182221
-56.1789242725
-53.2618446419
-52.965602832
-55.0977875717
-53.8201595144
-54.781595006
-56.0390172519
-55.2209105437
-56.3177607174
-55.3698919502
-53.9749346699
-53.2272531664
-53.3046567931
-55.2865400188
-54.4674865341
-52.4276225054
-52.9585301131
-53.2989535053
-54.6430033388
-57.4057346078
-52.9762538145
-54.830434131
-51.6603221028
-54.0521629506
-56.45129211
-42.8560285219
-54.3090892505
-53.4495503972
-54.4576371073
-54.7611101366
-56.0705726421
-54.230966405
-54.7923112308
-54.9424334359
-45.5975438937
-53.8963170754
-52.0189123496
-55.3601535177
-54.2464436064
-55.6158991094
-48.4333734951
-53.8106094795
-54.7066592292
-55.4542378737
-54.5581810018
-54.0698290658
-50.3987299713
-55.698213209
-53.4314610729
-57.3405562083
-56.6865403954
-58.0371816532
-63.2787081854
-58.1561031964
-53.4071851134
-56.5731952744
-57.4579728766
-58.0578741136
-57.2587439259
-57.6088563423
-56.829643727
-62.4385119064
-58.2800246161
-57.332155849
-57.3397865693
-51.8314517278
-47.3290122301
-57.4125000103
-58.9082261923
-56.5318483029
-57.9545055335
-56.746278521
-57.1832658961
-59.2786524279
-56.2070290388
-59.3421783072
-59.3909069974
-62.0856378639
-55.0993700041
-60.7685742566
-59.8928491144
-63.9620036628
-53.5898785726
-49.6378605946
-52.4441210708
-55.7694172997
-57.4878803628
-62.7161901739
-59.8428523998
-60.5970383666
-59.2718753683
-60.2843828118
-60.3715446379
-61.4845594028
-59.2137533367
-62.378244963
-60.2034077161
-58.3028291066
-53.5359636137
-58.9499835906
-60.9195444149
-59.6558807255
-62.161013905
-57.4312546288
-59.1976069445
-61.4237169398
-58.9224075166
-62.660070773
-65.5901859183
-63.9610930826
-63.4224378229
-61.1135825105
-64.519407955
-63.7769202439
-64.1520155005
-55.0236773175
-58.3613137908
-64.3756884879
-63.7046500468
-63.9265016071
-64.0039052337
-61.5512385014
-65.1667349747
-63.1268709461
-62.52790284
-62.134681873
-65.0281017541
-52.7280098556
-61.4140663146
-63.8636296429
-62.3595705435
-57.479464775
-62.9721819979
-60.5974249685
-58.6003800237
-64.5173162752
-64.0817875866
-60.1349518598
-65.6352111209
-65.3403968212
-63.7274394682
-69.7020439295
-65.4166592981
-65.7911326529
-66.7582892728
-63.5638194926
-63.8170516269
-64.4273618905
-66.8386334341
-64.0643026607
-65.9579817267
-63.7563435925
-54.7260720678
-64.0823522972
-67.6867669699
-65.6331624626
-63.907390794
-62.3948252566
-67.7928986125
-62.0405967781
-67.528604418
-67.7802985322
-69.9820223292
-67.285499787
-70.5275303151
-66.6549694162
-62.9894606532
-65.6936135073
-67.6547111145
-66.8168174529
-68.6782737711
-66.8480158237
-69.0742695834
-67.1395108163
-69.3636959588
-66.6217285796
-67.1092507699
-68.9777903012
-63.6178432747
-66.6926104477
-56.9705740514
-66.0674178766
-69.5144054508
-69.7032528087
-69.5014740799
-61.2642853849
-68.8118051637
-65.8837121342
-69.5165104874
-73.3348670608
-65.9140638605
-69.1348242021
-68.9823663505
-64.7141620561
-68.9282140936
-66.9824450399
-68.2924344095
-71.2764789283
-72.8135168109
-70.6056111503
-72.3179328031
-73.4857558045
-68.6909102836
-73.6750303193
-71.5759954584
-63.24717266
-69.6054742651
-64.3874294617
-69.2688752102
-68.6783810408
-70.429655789
-72.0996792371
-68.370504017
-71.4100103209
-68.6940094509
-74.9927021897
-77.226391463
-76.2670564391
-75.8230995759
-74.366598518
-75.5393779402
-75.0468813936
-74.3993004501
-65.8919395103
-77.0398055074
-70.997164567
-76.5320893701
-75.4002378535
-76.3112440885
-68.4971563926
-76.6776083796
-76.9851973131
-76.307974666
-75.7247320172
-75.8209440906
-70.1857725894
-75.4754592744
-77.083955292
-77.8630058162
-74.8723255966
-77.1733369001
-75.0209851421
-69.4791773416
-78.3555410802
-76.867590891
-77.7523684932
-78.3522697302
-77.5531395425
-77.9032519589
-82.7730135818
-81.920846306
-79.9607145939
-77.6265514656
-77.6341821859
-77.5240100459
-76.5179409825
-77.7068956269
-79.2026218089
-74.1871865899
-78.2489011501
-71.079668798
-77.4776615127
-79.3424353254
-76.5014246554
-74.8312502261
-79.685302614
-82.1494207614
-73.6020061515
-80.8323571541
-83.7838322615
-80.8608196471
-81.1419911708
-81.4063276329
-83.0085661464
-82.9916123016
-81.2358499192
-84.0083078447
-82.3105485543
-80.3809618895
-76.8054882865
-71.6965075336
-81.6029997013
-80.2424932766
-76.610574553
-75.7833089113
-82.7173603469
-80.8419385581
-81.333064538
-80.7400552144
-81.8318412737
-80.3932027687
-83.0009901022
-82.7302185019
-81.1074460171
-81.704077349
-82.2373088644
-83.8116928304
-87.9823383757
-87.0230033518
-82.935983364
-83.196730126
-84.1128955367
-87.858844579
-87.8778037083
-83.3428801713
-85.2308030627
-84.2028915878
-82.5807894481
-85.1091061277
-87.5648897809
-83.4614618179
-85.8590046388
-85.5303195928
-86.3551398226
-84.4670158351
-85.2197532265
-83.5461882309
-83.596498241
-85.5626349197
-86.0540033715
-81.954454363
-85.3643344553
-73.2199874299
Before Viterbi 16.1433413078% error
After Viterbi 12.6545055821% error
